1303502148272787456
1303503476290097152
1303503544338485248
1303504100230565888
1303504247484190720
1303504697390403584
1303504719725072384
1303504876315217920
1303505898391605248
1303505966230278144
1303506711440658432
1303507445217366016
1303508935713624064
1303511485863038976
1303511633280241664
1303511657594621952
1303511822627901440
1303511834556502016
1303511986432249856
1303511990655913984
1303512054468055040
1303512062156214272
1303512117315506176
1303512158201581568
1303512248853073920
1303512360908099584
1303512365391810560
1303512386413662208
1303512393938243584
1303512481792135168
1303512485692837888
1303512550289313792
1303512561018343424
1303512619705044992
1303512668807761920
1303512751200669696
1303512755885707264
1303512779772268544
1303512793231790080
1303512819110645760
1303512856213458944
1303512890325733376
1303512979102371840
1303513017580916736
1303513025881444352
1303513034874032128
1303513134757187584
1303513331876892672
1303513442002538496
1303513449355153408
1303513450810576896
1303513477553459200
1303513507454652416
1303513594079612928
1303513596118044672
1303513597569273856
1303513604544401408
1303513613318885376
1303513657036115968
1303513657375854592
1303513671204474880
1303513681178529792
1303513761541394432
1303513781598556160
1303513781598556160
1303513832706150400
1303513853702836224
1303513865811791872
1303513882651922432
1303513883553697792
1303513910686650368
1303513935756005376
1303513960972161024
1303514050310836224
1303514067486511104
1303514115750367232
1303514135610396672
1303514143600545792
1303514215742574592
1303514238270181376
1303514247791251456
1303514293689520128
1303514336886657024
1303514354251075584
1303514422433681408
1303514430050537472
1303514442939633664
1303514570391949312
1303514579556503552
1303514586451939328
1303514641900638208
1303514706606166016
1303514721806323712
1303514832905048064
1303514838135345152
1303514848935677952
1303514874151833600
1303514881907101696
1303514960911011840
1303515028707741696
1303515041957548032
1303515054943113216
1303519772436205568
1303519839326965760